//카르마수치. PC의 레벨별 성향치 증가에 필요한 몹획득EXP/킬타임 값
pc_karma_increase_table_begin
    lvl_1=0.772184315
    lvl_2=2.069377971
    lvl_3=2.315085083
    lvl_4=2.467800843
    lvl_5=2.514219611
    lvl_6=2.510075822
    lvl_7=2.532083418
    lvl_8=2.473028945
    lvl_9=2.377178509
    lvl_10=2.285526643
    lvl_11=2.654635163
    lvl_12=2.963434737
    lvl_13=3.266100461
    lvl_14=3.561112664
    lvl_15=3.847320291
    lvl_16=4.123878064
    lvl_17=4.390194136
    lvl_18=4.645886341
    lvl_19=4.890745518
    lvl_20=5.124704707
    lvl_21=6.97914069
    lvl_22=7.270620642
    lvl_23=7.548951721
    lvl_24=7.81438302
    lvl_25=8.067235867
    lvl_26=8.307889422
    lvl_27=8.536768399
    lvl_28=8.754332624
    lvl_29=8.961068152
    lvl_30=9.157479758
    lvl_31=11.41901707
    lvl_32=11.64989746
    lvl_33=11.87007991
    lvl_34=12.08015809
    lvl_35=12.28072687
    lvl_36=12.47237891
    lvl_37=12.65570177
    lvl_38=12.83127553
    lvl_39=12.99967093
    lvl_40=13.16144786
    lvl_41=15.6563607
    lvl_42=15.84513182
    lvl_43=16.02782135
    lvl_44=16.20501182
    lvl_45=16.37727218
    lvl_46=16.54515749
    lvl_47=16.70920885
    lvl_48=16.86995336
    lvl_49=17.02790439
    lvl_50=17.18356182
    lvl_51=19.85792061
    lvl_52=20.04235517
    lvl_53=20.22556446
    lvl_54=20.40806338
    lvl_55=20.59035551
    lvl_56=20.77293378
    lvl_57=20.95628115
    lvl_58=21.1408714
    lvl_59=21.3271699
    lvl_60=21.51563446
    lvl_61=24.3895427
    lvl_62=24.61486587
    lvl_63=24.84389213
    lvl_64=25.07711247
    lvl_65=25.31501442
    lvl_66=25.55808296
    lvl_67=25.80680152
    lvl_68=26.06165297
    lvl_69=26.32312062
    lvl_70=26.59168923
    lvl_71=26.86784604
    lvl_72=27.15208178
    lvl_73=27.44489172
    lvl_74=27.74677676
    lvl_75=28.05824444
    lvl_76=28.37981005
    lvl_77=28.71199773
    lvl_78=29.05534154
    lvl_79=29.41038662
    lvl_80=29.77769028
pc_karma_increase_table_end

